$ANSIBLE_VAULT;1.1;AES256
33663461623966303363653861366138343636663863626538333037323033373164656634646361
6265633464613838653264623836363730303566663437330a656331363561653931303762393531
61636161363137333235353865633664306661623963333039363531333863623130343636656130
3963323733623139370a666365643530396335666163666165303239616535316263306337613236
64623765353364373266643764636439333733656237623533356164323434373363626537613866
39323239653364366432386666316630663133653865353932346665396433316434363938343933
30623536323536306630333135663131656563636137626665376362633034633231613935636430
38346565666332383136343832356132326563306533653864663430366666636533353462353736
38353362373061316236373135343266376133383131386262303265336431326533373565386539
31326262323562353932383831663936616634396131646430323335353533316663356439333364
38626639623330656239633866313264633035663161653236323534396530363931313139363462
30643837623136353235323366646434336465656630333863313937383366353736383337646334
37306265626166316636316464356238646236343539383862326161393638333162356333373462
64393365616437616638386632616537346132316136313464346261366639316531326337396661
62653930393639643635616565383065616431653632383930343465323833306333646461343933
36633061313439373433323530353965653333303365656164376165383539326261393963393763
39363233303735376535333664373765323262316237373264623536396462343931373665343439
31616233383565383630373133366130633337666230396132316633393061656565666162643633
65373530306531633631376664353563326265356561666532663935323863333838646163336139
64383639353236333037303263616436303761333661666431633361386665613066353565383433
3535
